100
0 46 1
1 47 0
2 28 0
3 97 1
4 64 0
5 68 1
6 2 0
7 42 1
8 80 1
9 37 0
10 99 1
11 14 0
12 40 0
13 67 1
14 59 1
15 79 1
16 96 1
17 44 1
18 17 1
19 43 1
20 43 0
21 27 0
22 29 0
23 31 1
24 93 1
25 29 0
26 27 0
27 39 1
28 54 0
29 16 1
30 98 0
31 96 1
32 59 0
33 17 0
34 65 1
35 69 1
36 47 0
37 3 1
38 82 1
39 64 1
40 36 1
41 51 1
42 21 1
43 88 0
44 69 1
45 27 0
46 41 0
47 60 1
48 75 1
49 9 1
50 3 1
51 2 1
52 85 0
53 80 0
54 71 0
55 3 1
56 7 1
57 56 1
58 95 0
59 28 1
60 21 1
61 71 1
62 78 0
63 3 0
64 9 1
65 15 1
66 90 0
67 80 0
68 90 1
69 4 0
70 84 1
71 70 0
72 12 0
73 85 1
74 24 1
75 51 0
76 45 0
77 1 1
78 29 1
79 54 1
80 41 0
81 92 0
82 11 0
83 83 1
84 91 1
85 6 0
86 85 0
87 33 1
88 60 0
89 61 1
90 67 0
91 49 0
92 28 0
93 84 1
94 72 0
95 0 0
96 89 1
97 29 1
98 51 1
99 47 0
